$MeshFormat
4.1 0 8
$EndMeshFormat
$Entities
8 12 6 1
1 -5 5 5 0 
2 -5 -5 5 0 
3 -5 5 -5 0 
4 -5 -5 -5 0 
5 5 -5 5 0 
6 5 -5 -5 0 
7 5 5 5 0 
8 5 5 -5 0 
1 -5.000000100000002 -5.0000001 4.9999999 -4.9999999 5.0000001 5.0000001 0 2 1 -2 
2 -5.0000001 4.9999999 -5.0000001 -4.9999999 5.0000001 5.0000001 0 2 3 -1 
3 -5.000000100000002 -5.0000001 -5.0000001 -4.9999999 5.0000001 -4.9999999 0 2 3 -4 
4 -5.0000001 -5.0000001 -5.0000001 -4.9999999 -4.9999999 5.0000001 0 2 4 -2 
5 -5.0000001 -5.000000100000002 4.9999999 5.0000001 -4.9999999 5.0000001 0 2 2 -5 
6 -5.0000001 -5.000000100000002 -5.0000001 5.0000001 -4.9999999 -4.9999999 0 2 4 -6 
7 4.9999999 -5.0000001 -5.0000001 5.0000001 -4.9999999 5.0000001 0 2 6 -5 
8 4.9999999 -5.0000001 4.9999999 5.000000100000002 5.0000001 5.0000001 0 2 5 -7 
9 4.9999999 -5.0000001 -5.0000001 5.000000100000002 5.0000001 -4.9999999 0 2 6 -8 
10 4.9999999 4.9999999 -5.0000001 5.0000001 5.0000001 5.0000001 0 2 8 -7 
11 -5.0000001 4.9999999 4.9999999 5.0000001 5.000000100000002 5.0000001 0 2 7 -1 
12 -5.0000001 4.9999999 -5.0000001 5.0000001 5.000000100000002 -4.9999999 0 2 8 -3 
1 -5.000000100000002 -5.0000001 -5.0000001 -4.9999999 5.0000001 5.0000001 0 4 -1 -2 3 4 
2 -5.0000001 -5.000000100000002 -5.0000001 5.0000001 -4.9999999 5.0000001 0 4 -5 -4 6 7 
3 4.9999999 -5.0000001 -5.0000001 5.000000100000002 5.0000001 5.0000001 0 4 -8 -7 9 10 
4 -5.0000001 4.9999999 -5.0000001 5.0000001 5.000000100000002 5.0000001 0 4 -11 -10 12 2 
5 -5.000000100000002 -5.000000100000002 4.9999999 5.000000100000002 5.000000100000002 5.0000001 0 4 1 5 8 11 
6 -5.000000100000002 -5.000000100000002 -5.0000001 5.000000100000002 5.000000100000002 -4.9999999 0 4 12 3 6 9 
1 -5.000000100000002 -5.000000100000002 -5.0000001 5.000000100000002 5.000000100000002 5.0000001 0 6 1 2 3 4 5 -6 
$EndEntities
$Nodes
27 81 1 81
0 1 0 1
1
-5 5 5
0 2 0 1
2
-5 -5 5
0 3 0 1
3
-5 5 -5
0 4 0 1
4
-5 -5 -5
0 5 0 1
5
5 -5 5
0 6 0 1
6
5 -5 -5
0 7 0 1
7
5 5 5
0 8 0 1
8
5 5 -5
1 1 0 2
9
10
-5.000000000000001 1.666666666666667 5
-5.000000000000001 -1.666666666666667 5
1 2 0 2
11
12
-5 5 -1.666666666666667
-5 5 1.666666666666667
1 3 0 2
13
14
-5.000000000000001 1.666666666666667 -5
-5.000000000000001 -1.666666666666667 -5
1 4 0 2
15
16
-5 -5 -1.666666666666667
-5 -5 1.666666666666667
1 5 0 2
17
18
-1.666666666666667 -5.000000000000001 5
1.666666666666667 -5.000000000000001 5
1 6 0 2
19
20
-1.666666666666667 -5.000000000000001 -5
1.666666666666667 -5.000000000000001 -5
1 7 0 2
21
22
5 -5 -1.666666666666667
5 -5 1.666666666666667
1 8 0 2
23
24
5.000000000000001 -1.666666666666667 5
5.000000000000001 1.666666666666667 5
1 9 0 2
25
26
5.000000000000001 -1.666666666666667 -5
5.000000000000001 1.666666666666667 -5
1 10 0 2
27
28
5 5 -1.666666666666667
5 5 1.666666666666667
1 11 0 2
29
30
1.666666666666667 5.000000000000001 5
-1.666666666666667 5.000000000000001 5
1 12 0 2
31
32
1.666666666666667 5.000000000000001 -5
-1.666666666666667 5.000000000000001 -5
2 1 0 8
33
34
35
36
37
38
39
40
-5.000000000000001 -2.048082937034829 5.290362930903806e-17
-5.000000000000001 2.050506247151784 1.831678075381986e-16
-5.000000000000001 0.0004038850194927335 2.525600817161048
-5.000000000000001 0.0004038850194927335 -2.525600817161048
-5.000000000000002 -2.576802451483146 2.576802451483145
-5 2.576802451483145 2.576802451483146
-5 2.576802451483144 -2.576802451483145
-5.000000000000002 -2.576802451483144 -2.576802451483145
2 2 0 8
41
42
43
44
45
46
47
48
-2.04808293703483 -5.000000000000001 1.877904976077288e-16
2.050506247151784 -5.000000000000001 1.171106275164721e-16
0.0004038850194918453 -5.000000000000001 2.525600817161048
0.0004038850194909571 -5.000000000000001 -2.525600817161048
2.576802451483146 -5.000000000000002 2.576802451483145
-2.576802451483145 -5 -2.576802451483145
-2.576802451483145 -5 2.576802451483146
2.576802451483144 -5.000000000000002 -2.576802451483145
2 3 0 8
49
50
51
52
53
54
55
56
5.000000000000001 2.048082937034829 1.382476125914339e-16
5.000000000000001 -2.050506247151784 1.831678075381986e-16
5.000000000000001 -0.0004038850194927335 2.525600817161048
5.000000000000001 -0.0004038850194927335 -2.525600817161048
5.000000000000002 2.576802451483146 2.576802451483145
5 -2.576802451483144 -2.576802451483145
5 -2.576802451483145 2.576802451483146
5.000000000000002 2.576802451483144 -2.576802451483145
2 4 0 8
57
58
59
60
61
62
63
64
-2.048082937034829 5.000000000000001 1.382476125914339e-16
2.050506247151784 5.000000000000001 1.831678075381986e-16
0.0004038850194927335 5.000000000000001 2.525600817161048
0.0004038850194927335 5.000000000000001 -2.525600817161048
-2.576802451483146 5.000000000000002 2.576802451483145
2.576802451483144 5 -2.576802451483145
2.576802451483145 5 2.576802451483146
-2.576802451483144 5.000000000000002 -2.576802451483145
2 5 0 8
65
66
67
68
69
70
71
72
-2.04808293703483 -5.844683010998556e-16 5
2.050506247151785 6.337565107044754e-16 5
0.0004038850194928682 -2.525600817161048 5
0.0004038850194920066 2.525600817161048 5
-2.576802451483145 -2.576802451483144 5
2.576802451483145 2.576802451483144 5
-2.576802451483146 2.576802451483145 5
2.576802451483146 -2.576802451483145 5
2 6 0 8
73
74
75
76
77
78
79
80
-1.77635683940025e-15 2.04808293703483 -5
8.881784197001252e-16 -2.050506247151784 -5
2.525600817161049 -0.0004038850194918453 -5
-2.52560081716105 -0.0004038850194918453 -5
2.576802451483144 -2.576802451483145 -5
-2.576802451483146 2.576802451483145 -5
2.576802451483146 2.576802451483146 -5
-2.576802451483146 -2.576802451483145 -5
3 1 0 1
81
0.4313927601202486 -0.001211655058476424 -0.4313927601202465
$EndNodes
$Elements
27 384 1 384
0 1 15 1
1 1 
0 2 15 1
2 2 
0 3 15 1
3 3 
0 4 15 1
4 4 
0 5 15 1
5 5 
0 6 15 1
6 6 
0 7 15 1
7 7 
0 8 15 1
8 8 
1 1 1 3
9 1 9 
10 9 10 
11 10 2 
1 2 1 3
12 3 11 
13 11 12 
14 12 1 
1 3 1 3
15 3 13 
16 13 14 
17 14 4 
1 4 1 3
18 4 15 
19 15 16 
20 16 2 
1 5 1 3
21 2 17 
22 17 18 
23 18 5 
1 6 1 3
24 4 19 
25 19 20 
26 20 6 
1 7 1 3
27 6 21 
28 21 22 
29 22 5 
1 8 1 3
30 5 23 
31 23 24 
32 24 7 
1 9 1 3
33 6 25 
34 25 26 
35 26 8 
1 10 1 3
36 8 27 
37 27 28 
38 28 7 
1 11 1 3
39 7 29 
40 29 30 
41 30 1 
1 12 1 3
42 8 31 
43 31 32 
44 32 3 
2 1 2 26
45 1 38 9 
46 12 38 1 
47 10 37 2 
48 2 37 16 
49 3 39 11 
50 13 39 3 
51 4 40 14 
52 15 40 4 
53 9 35 10 
54 9 38 35 
55 35 37 10 
56 11 34 12 
57 11 39 34 
58 34 38 12 
59 14 36 13 
60 36 39 13 
61 14 40 36 
62 16 33 15 
63 33 40 15 
64 16 37 33 
65 33 35 34 
66 34 36 33 
67 33 37 35 
68 36 40 33 
69 35 38 34 
70 34 39 36 
2 2 2 26
71 16 47 2 
72 2 47 17 
73 4 46 15 
74 19 46 4 
75 18 45 5 
76 5 45 22 
77 6 48 20 
78 21 48 6 
79 15 41 16 
80 15 46 41 
81 41 47 16 
82 17 43 18 
83 17 47 43 
84 43 45 18 
85 20 44 19 
86 44 46 19 
87 20 48 44 
88 22 42 21 
89 42 48 21 
90 22 45 42 
91 42 43 41 
92 41 44 42 
93 43 47 41 
94 41 46 44 
95 42 45 43 
96 44 48 42 
2 3 2 26
97 22 55 5 
98 5 55 23 
99 6 54 21 
100 25 54 6 
101 24 53 7 
102 7 53 28 
103 8 56 26 
104 27 56 8 
105 21 50 22 
106 21 54 50 
107 50 55 22 
108 23 51 24 
109 23 55 51 
110 51 53 24 
111 26 52 25 
112 52 54 25 
113 26 56 52 
114 28 49 27 
115 49 56 27 
116 28 53 49 
117 49 51 50 
118 50 52 49 
119 49 53 51 
120 52 56 49 
121 51 55 50 
122 50 54 52 
2 4 2 26
123 1 61 12 
124 30 61 1 
125 11 64 3 
126 3 64 32 
127 28 63 7 
128 7 63 29 
129 8 62 27 
130 31 62 8 
131 12 57 11 
132 57 64 11 
133 12 61 57 
134 27 58 28 
135 27 62 58 
136 58 63 28 
137 29 59 30 
138 29 63 59 
139 59 61 30 
140 32 60 31 
141 60 62 31 
142 32 64 60 
143 57 59 58 
144 58 60 57 
145 57 61 59 
146 60 64 57 
147 59 63 58 
148 58 62 60 
2 5 2 26
149 9 71 1 
150 1 71 30 
151 2 69 10 
152 17 69 2 
153 5 72 18 
154 23 72 5 
155 7 70 24 
156 29 70 7 
157 10 65 9 
158 65 71 9 
159 10 69 65 
160 18 67 17 
161 67 69 17 
162 18 72 67 
163 24 66 23 
164 66 72 23 
165 24 70 66 
166 30 68 29 
167 68 70 29 
168 30 71 68 
169 65 67 66 
170 66 68 65 
171 65 69 67 
172 68 71 65 
173 67 72 66 
174 66 70 68 
2 6 2 26
175 13 3 78 
176 3 32 78 
177 4 14 80 
178 19 4 80 
179 6 20 77 
180 25 6 77 
181 8 26 79 
182 31 8 79 
183 14 13 76 
184 76 13 78 
185 14 76 80 
186 20 19 74 
187 74 19 80 
188 20 74 77 
189 26 25 75 
190 75 25 77 
191 26 75 79 
192 32 31 73 
193 73 31 79 
194 32 73 78 
195 74 73 75 
196 73 74 76 
197 75 73 79 
198 73 76 78 
199 74 75 77 
200 76 74 80 
3 1 4 184
201 68 61 59 81 
202 67 43 47 81 
203 71 38 61 81 
204 47 37 69 81 
205 61 68 71 81 
206 47 69 67 81 
207 68 59 63 81 
208 43 67 45 81 
209 37 35 65 81 
210 70 68 63 81 
211 45 67 72 81 
212 76 78 36 81 
213 36 40 76 81 
214 65 69 37 81 
215 61 38 34 81 
216 47 41 37 81 
217 64 39 78 81 
218 63 53 70 81 
219 80 40 46 81 
220 45 72 55 81 
221 36 78 39 81 
222 40 80 76 81 
223 38 35 34 81 
224 37 33 35 81 
225 71 68 65 81 
226 67 69 65 81 
227 57 59 61 81 
228 43 41 47 81 
229 34 57 61 81 
230 37 41 33 81 
231 64 57 39 81 
232 40 33 46 81 
233 53 51 66 81 
234 53 66 70 81 
235 70 66 68 81 
236 66 72 67 81 
237 36 39 34 81 
238 36 33 40 81 
239 63 49 53 81 
240 55 50 45 81 
241 56 62 79 81 
242 54 77 48 81 
243 75 52 56 81 
244 54 52 75 81 
245 59 58 63 81 
246 43 45 42 81 
247 64 60 57 81 
248 41 44 46 81 
249 56 79 75 81 
250 75 77 54 81 
251 57 34 39 81 
252 41 46 33 81 
253 53 49 51 81 
254 73 78 76 81 
255 80 74 76 81 
256 55 51 50 81 
257 34 35 33 81 
258 49 63 58 81 
259 42 45 50 81 
260 68 66 65 81 
261 67 65 66 81 
262 56 49 62 81 
263 48 50 54 81 
264 36 34 33 81 
265 58 60 62 81 
266 44 42 48 81 
267 59 57 58 81 
268 43 42 41 81 
269 58 62 49 81 
270 50 48 42 81 
271 75 79 73 81 
272 52 49 56 81 
273 52 54 50 81 
274 75 74 77 81 
275 58 57 60 81 
276 42 44 41 81 
277 76 74 73 81 
278 51 49 50 81 
279 73 74 75 81 
280 50 49 52 81 
281 68 61 30 59 
282 67 17 47 43 
283 75 26 56 52 
284 67 18 43 45 
285 68 59 29 63 
286 75 25 52 54 
287 76 14 40 36 
288 13 36 76 78 
289 37 41 47 16 
290 63 49 28 53 
291 15 46 40 33 
292 57 39 11 64 
293 49 62 27 56 
294 48 50 21 54 
295 50 22 55 45 
296 61 12 34 38 
297 61 68 30 71 
298 56 79 26 75 
299 17 47 69 67 
300 67 18 45 72 
301 78 13 36 39 
302 14 40 80 76 
303 70 68 29 63 
304 54 75 25 77 
305 80 46 19 44 
306 55 72 23 51 
307 48 20 44 77 
308 64 78 32 60 
309 9 38 71 35 
310 62 79 60 31 
311 16 37 41 33 
312 46 15 41 33 
313 39 57 11 34 
314 49 63 28 58 
315 62 49 27 58 
316 50 48 21 42 
317 22 50 42 45 
318 12 34 57 61 
319 74 80 19 44 
320 73 32 78 60 
321 23 72 66 51 
322 74 44 20 77 
323 60 79 73 31 
324 65 9 71 35 
325 56 62 8 79 
326 38 61 1 71 
327 39 78 3 64 
328 5 55 45 72 
329 54 6 48 77 
330 53 70 7 63 
331 2 69 47 37 
332 40 4 80 46 
333 41 15 16 33 
334 34 57 11 12 
335 28 49 58 27 
336 42 50 22 21 
337 26 75 25 52 
338 36 76 14 13 
339 17 67 18 43 
340 30 68 59 29 
341 65 10 9 35 
342 73 32 60 31 
343 66 23 51 24 
344 44 19 74 20 
345 3 13 78 39 
346 71 61 1 30 
347 47 69 2 17 
348 45 18 5 72 
349 25 6 54 77 
350 70 29 7 63 
351 40 80 4 14 
352 8 56 79 26 
353 48 21 6 54 
354 55 22 5 45 
355 70 7 24 53 
356 46 4 80 19 
357 48 6 20 77 
358 5 55 72 23 
359 62 8 27 56 
360 46 40 4 15 
361 3 39 64 11 
362 69 2 10 37 
363 63 7 53 28 
364 1 9 38 71 
365 78 32 3 64 
366 61 1 12 38 
367 37 47 2 16 
368 79 62 8 31 
369 60 79 81 73 
370 60 81 79 62 
371 71 35 81 65 
372 81 35 71 38 
373 77 44 81 74 
374 77 81 44 48 
375 51 72 81 55 
376 51 81 72 66 
377 37 65 10 69 
378 37 10 65 35 
379 60 78 81 64 
380 60 81 78 73 
381 53 66 24 70 
382 53 24 66 51 
383 80 44 81 46 
384 81 44 80 74 
$EndElements
